Histo: 1   -1 Data Data 1
Histo: 40  0.02474  MC2 D_{s}\rightarrow\tau_{3\mu}(2\times10^{-8}) 93
Histo: 60  0.00613  MC3 B_{0}\rightarrow\tau_{3\mu}(2\times10^{-8}) 209
Histo: 90  0.00592  MC4 B_{p}\rightarrow\tau_{3\mu}(2\times10^{-8}) 205


