Histo: 1        -1  Data Data 1
Histo: 210231   0.00062  MC2 Z\rightarrow\tau(e)\tau(3\mu)  19
Histo: 210232   0.00061  MC3 Z\rightarrow\tau(X)\tau(3\mu)  29
Histo: 210233   0.00227  MC4 Z\rightarrow\tau(h)\tau(3\mu)  39



