Histo: 1        -1  Data Data 1
Histo: 210231   0.000062  MC1 Z\rightarrow\tau(e)\tau(3\mu)  19
Histo: 210232   0.000061  MC2 Z\rightarrow\tau(\mu)\tau(3\mu)  29
Histo: 210233   0.000227  MC3 Z\rightarrow\tau(h)\tau(3\mu)  39
