Histo: 1   -1 Data Data 1
Histo: 60  0.03067  MC1 B^{0}\rightarrow\tau_{3\mu}(10^{-7}) 209
Histo: 90  0.0256   MC2 B^{\pm}\rightarrow\tau_{3\mu}(10^{-7}) 205
Histo: 40  0.12970  MC3 D_{s}\rightarrow\tau_{3\mu}(10^{-7}) 93
