ID= 1 AllEvt=  170518973.0000 AllEvtErr= 13058.291  SelEvt= 0.000000  SelEvtErr= 0.000000 AllEvtnoweight= 170518973 SelEvtnoweight= 0.000000 Nfile= 16
ID= 40 AllEvt= 1052150.0000 AllEvtErr= 1025.7436    SelEvt= 0.000000  SelEvtErr= 0.000000 AllEvtnoweight= 1052150.0000 SelEvtnoweight= 0.000000 Nfile= 16
ID= 122 AllEvt= 111350.0000 AllEvtErr= 333.691476   SelEvt= 0.000000  SelEvtErr= 0.000000 AllEvtnoweight= 3002413.0000 SelEvtnoweight= 0.000000 Nfile= 16
